((("proposition" .
   [0 0 0 0 0 0 1 1 0 0 0])
  ("For" .
   [2 0 0])
  ("the" .
   [4 0 0])
  ("restrictions" .
   [0 0 0 0 0 0 0 0 0 0 0 1])
  ("cap" .
   [0 1 0])
  ("category" .
   [1 0 0 0 0 1 0 0])
  ("this" .
   [2 0 0 0])
  ("sub" .
   [1 0 0])
  ("and" .
   [3 0 0])
  ("Similarly" .
   [1 0 0 0 0 0 0 0 0])
  ("Delta" .
   [1 0 0 0 0])
  ("is" .
   [2 0])
  ("total" .
   [2 0 0 0 0])
  ("in" .
   [9 0])
  ("may" .
   [1 0 0])
  ("be" .
   [2 0])
  ("see" .
   [1 0 0])
  ("end" .
   [2 0 0])
  ("fold" .
   [1 0 0 0])
  ("ell" .
   [1 0 0])
  ("then" .
   [1 0 0 0])
  ("by" .
   [1 0])
  ("have" .
   [1 0 0 0])
  ("of" .
   [7 0])
  ("proof" .
   [1 0 0 0 0])
  ("all" .
   [1 0 0])
  ("diagrams" .
   [1 0 0 0 0 0 0 0])
  ("will" .
   [1 0 0 0])
  ("must" .
   [1 0 0 0])
  ("show" .
   [1 0 0 0])
  ("begin" .
   [1 0 0 0 0])
  ("equation" .
   [2 0 0 0 0 0 0 0])
  ("label" .
   [1 0 0 0 0])
  ("rtwo" .
   [1 0 0 0])
  ("rthree" .
   [2 0 0 1 0 0])
  ("Equation" .
   [3 0 0 0 0 0 0 0])
  ("ref" .
   [3 0 0])
  ("rfour" .
   [2 0 0 0 0])
  ("def" .
   [1 0 0])
  ("product" .
   [1 0 0 0 0 0 0])
  ("map" .
   [1 0 0])
  ("Given" .
   [1 0 0 0 0])
  ("discrete" .
   [1 0 0 0 0 0 0 0])
  ("inverse" .
   [0 0 0 0 0 1 0])
  ("when" .
   [1 0 0 0])
  ("suppose" .
   [1 0 0 0 0 0 0])
  ("are" .
   [2 0 0])
  ("given" .
   [1 0 0 0 0])
  ("Then" .
   [1 0 0 0])))
